                       0            1   2   3         4         5         6         7         8             9          10               11
0   소담김밥 월별손익계산서_2025 하반기          NaN NaN NaN       NaN       NaN       NaN       NaN       NaN           NaN        NaN              NaN
1                     NaN          NaN NaN NaN        7월        8월        9월       10월       11월           12월       합  계     2025하반기월평균소득
2                      수입        매장 매출 NaN NaN  43791500  33446500  46233500  40746000  45819450      49811000  259847950  43307991.666667
3                     NaN       쿠팡 정산금 NaN NaN   4335199   3127723   5130376   5646153   6763424       6295983   31298858   5216476.333333
4                     NaN       배민 정산금 NaN NaN   3405467   2078495   2892424   3339488   2737557       3276507   17729938   2954989.666667
5                     NaN      요기요 정산금 NaN NaN    191533    120265    153751    286580    285020        426838    1463987    243997.833333
6                     NaN      땡겨요 정산금 NaN NaN     11670     30150    206823    623601    367512        302249    1542005    257000.833333
7                     합 계          NaN NaN NaN  51735369  38803133  54616874  50641822  55972963      60112577  311882738  51980456.333333
8                      지출          인건비 NaN NaN  13851000  11920400  15195900  14507000  15176800      15632400   86283500  14380583.333333
9                     NaN        임대관리비 NaN NaN   5926030   6253710   6024300   5995180   5955940       6691910   36847070   6141178.333333
10                    NaN    제세공과금(기타) NaN NaN   2051710   2111280   2120970   1206540   2083750       2395499   11969749   1994958.166667
11                    NaN        부가가치세 NaN NaN   4298650       NaN         0   4694000       NaN           NaN    8992650          1498775
12                    NaN        사업소득세 NaN NaN    286810    307820     97240    347800                  267100    1306770           217795
13                    NaN        근로소득세 NaN NaN    254220    271330       NaN    100450                  111220     737220           122870
14                    NaN  카드수수료(0.2%) NaN NaN    875830    668930    924670    814920    916389        996220    5196959    866159.833333
15                    NaN          재료비 NaN NaN   5951280   2986720   4985351   4634670   5017492       5611760   29187273        4864545.5
16                    NaN        퇴직금적립 NaN NaN   1385100   1192040   1519590   1450700   1517680       1563240    8628350   1438058.333333
17                    합 계          NaN NaN NaN  34880630  25712230  30868021  33751260  30668051      33269349  189149541       31524923.5
18                   영업이익          NaN NaN NaN  16854739  13090903  23748853  16890562  25304912      26843228  122733197  20455532.833333
19                    NaN          NaN NaN NaN       NaN       NaN       NaN       NaN       NaN           NaN        NaN              NaN
20                    NaN          NaN NaN NaN       NaN       NaN       NaN       NaN     월평균소득  Hong Ji Yeon        0.7  14318872.983333
21                    NaN          NaN NaN NaN       NaN       NaN       NaN       NaN       NaN         임 춘 우        0.3       6136659.85